11   446
10   354
10   394
11   391
10   355
10   349
10   331
10   361
10   363
10   388
9   343
10   368
10   382
9   320
10   349
10   346
10   346
10   360
11   385
11   427
11   400
10   342
10   350
10   377
10   341
10   385
10   352
10   352
10   337
9   308
11   404
11   389
10   373
10   375
11   396
10   346
10   384
10   340
11   433
10   358
10   362
10   362
11   433
10   349
10   385
10   376
10   381
10   371
10   366
9   335
9   334
10   363
10   376
10   346
11   398
9   333
10   371
9   325
11   418
10   375
11   412
10   385
10   373
9   335
11   421
10   359
10   360
10   380
10   362
10   359
10   383
10   386
10   347
11   416
10   380
9   324
9   333
9   319
10   364
10   356
9   324
11   405
10   391
11   409
9   319
10   388
11   427
10   384
9   296
11   393
9   329
9   326
10   383
10   382
10   365
11   406
10   359
10   371
10   361
10   355
