11   593
10   512
10   554
11   573
10   511
10   502
10   490
10   535
10   528
10   576
9   514
10   523
10   543
9   508
10   515
10   500
10   530
10   503
11   566
11   573
11   558
10   501
10   512
10   552
10   529
10   575
10   540
10   530
10   508
9   483
11   583
11   579
10   544
10   548
11   584
10   493
10   583
10   520
11   643
10   545
10   528
10   541
11   567
10   496
10   542
10   538
10   561
10   557
10   499
9   478
9   505
10   540
10   566
10   487
11   569
9   473
10   515
9   497
11   584
10   555
11   572
10   522
10   529
9   484
11   606
10   509
10   542
10   540
10   519
10   533
10   539
10   547
10   505
11   549
10   546
9   498
9   488
9   489
10   552
10   519
9   475
11   592
10   550
11   581
9   538
10   549
11   593
10   558
9   432
11   558
9   453
9   478
10   533
10   547
10   545
11   585
10   518
10   552
10   513
10   521
