11   594
10   521
10   550
11   540
10   525
10   517
10   521
10   516
10   523
10   533
9   492
10   525
10   525
9   458
10   513
10   546
10   512
10   518
11   551
11   582
11   594
10   511
10   510
10   545
10   482
10   508
10   502
10   520
10   516
9   459
11   565
11   534
10   510
10   558
11   529
10   555
10   524
10   507
11   558
10   479
10   521
10   506
11   632
10   523
10   540
10   529
10   533
10   517
10   545
9   515
9   479
10   529
10   521
10   524
11   578
9   489
10   556
9   484
11   587
10   520
11   603
10   562
10   533
9   516
11   569
10   522
10   507
10   538
10   529
10   524
10   563
10   560
10   527
11   589
10   548
9   469
9   493
9   492
10   517
10   513
9   494
11   543
10   552
11   552
9   456
10   548
11   601
10   536
9   495
11   554
9   529
9   528
10   568
10   558
10   509
11   555
10   549
10   532
10   555
10   521
